5.6
4.7
4.6
12.8
55.2
105.1
159.7
91.7
82.1
39.9
26.2
14.6
8.0
8.5
19.9
184.3
56.9
138.8
101.9
52.4
27.9
20.3
11.3
7.5
6.3
6.0
15.0
30.9
51.5
190.9
93.2
152.1
48.7
33.7
18.4
10.1
8.5
8.8
11.9
28.6
105.1
113.8
86.4
60.0
50.1
48.1
22.9
15.6
13.8
11.8
38.5
68.2
49.0
175.8
91.7
46.7
52.4
30.6
13.7
11.8
12.5
9.7
30.9
110.2
124.3
145.8
76.2
43.3
61.2
55.8
27.4
18.9
12.6
9.6
9.7
142.2
382.3
154.9
79.3
69.9
32.0
21.2
15.7
8.3
7.6
7.7
8.7
36.2
35.1
37.4
37.7
29.2
17.6
14.8
11.9
5.9
4.0
4.8
5.7
27.5
38.2
81.8
65.4
39.6
21.9
14.2
7.8
5.9
6.1
5.4
7.1
37.1
100.2
115.8
133.9
74.5
126.9
51.3
37.9
24.0
16.1
13.8
23.8
205.0
62.6
243.2
116.4
66.3
38.5
27.2
22.7
8.7
7.0
11.5
13.7
47.9
107.9
260.0
138.2
82.7
47.0
25.8
18.1
10.2
10.1
13.7
12.9
64.3
192.3
240.7
103.4
251.7
182.1
74.5
45.3
19.6
11.4
14.2
15.6
164.8
155.2
110.7
98.3
40.8
29.4
22.7
8.0
7.2
8.9
8.8
19.1
99.1
66.8
92.6
80.7
42.5
27.8
16.1
13.1
8.2
9.0
6.7
12.6
59.7
79.9
64.3
35.7
29.2
25.1
21.0
16.5
10.6
9.5
8.9
9.3
89.8
83.3
85.0
105.9
43.3
30.0
17.8
10.4
9.2
7.1
7.5
7.7
19.2
37.4
120.1
81.8
43.3
30.0
25.4
22.7
11.4
8.8
10.0
62.6
73.3
71.9
66.5
63.4
34.0
19.7
16.7
11.8
7.4
7.7
6.9
15.3
16.7
68.2
67.1
37.9
49.3
22.9
21.3
16.3
5.1
5.9
8.5
13.0
28.3
47.9
66.3
61.2
49.6
30.9
18.7
12.2
6.7
5.4
11.0
18.1
50.7
37.9
87.2
108.2
56.6
35.1
20.4
11.8
9.0
6.3
7.6
7.8
26.7
108.2
165.1
103.9
34.0
33.7
27.6
15.1
5.5
9.1
9.7
13.7
139.0
62.3
222.3
266.2
88.1
102.2
54.9
28.1
14.7
12.5
13.5
22.6
74.8
76.5
94.9
128.0
66.3
36.8
31.7
15.9
11.2
10.3
11.6
10.9
47.0
112.7
192.8
65.1
37.7
23.4
15.3
7.5
7.7
6.8
8.5
23.8
22.1
33.1
76.5
57.2
58.0
32.8
34.5
17.5
9.3
9.5
10.6
10.8
108.7
97.7
123.7
218.3
57.8
34.5
26.5
20.2
12.3
7.1
8.6
13.2
58.0
60.3
168.2
107.0
38.5
22.1
17.7
9.0
8.6
8.9
9.1
9.4
145.3
58.3
125.4
68.8
40.2
23.7
18.6
13.4
4.9
6.7
6.9
26.5
56.1
54.1
169.3
121.2
59.5
42.5
31.4
19.1
6.6
10.1
10.7
34.0
97.1
107.0
114.1
74.5
52.1
33.4
21.4
15.9
11.4
9.1
10.4
9.5
111.9
142.7
137.6
75.0
44.2
30.3
25.0
15.0
7.2
